# ca-GrQc 4158 13428 2
0 1
4016 0
1 1
2977 1
258 0
421 1
1201 0
2 0
2312 0
1266 0
3652 0
1887 1
3 0
3841 0
2244 0
1644 1
586 1
371 1
2254 0
1103 1
3600 0
25 1
1946 0
2075 1
2654 1
863 0
2724 0
935 0
4075 1
812 0
3181 1
2685 1
3440 0
1137 1
3570 0
2611 1
3437 0
316 1
1162 1
4 0
2625 1
3850 1
82 0
5 0
3467 1
6 0
2262 1
3822 1
7 1
618 0
866 1
3797 0
8 0
265 1
9 1
3609 0
10 0
2866 0
579 1
116 1
759 0
11 0
3538 0
12 0
2624 0
506 0
13 1
1378 0
227 1
1428 0
1101 0
14 1
1016 1
3806 1
1295 1
15 0
3096 1
4130 0
16 1
3376 1
2035 1
17 1
1748 1
3253 0
1718 0
296 1
3897 1
63 0
18 1
1680 0
3682 0
1246 1
19 1
3396 1
183 0
20 1
3832 1
2720 0
1290 1
2489 0
21 0
2656 1
904 0
2667 1
1996 1
22 1
23 1
2137 1
1783 1
3886 0
3487 0
24 1
2139 0
3808 1
1089 1
2087 0
488 0
3276 0
1199 1
2864 0
4152 1
3992 0
4026 0
667 1
3807 0
3039 1
26 0
3456 1
3846 0
3639 0
3641 0
3386 0
487 0
27 1
3744 0
3328 1
2715 1
3136 1
1947 0
3647 0
28 0
96 1
1569 0
635 0
1689 0
29 1
1826 0
3067 0
2341 1
2726 0
30 0
3115 1
51 1
2377 1
2168 1
1433 1
2267 0
1375 0
31 0
1977 1
32 0
672 1
3904 1
1859 1
3528 0
777 0
1515 0
1964 1
3789 0
3262 1
1456 0
3857 0
3314 0
3859 1
2709 1
1001 0
771 1
3577 1
2395 0
155 1
1242 0
3230 0
33 0
2533 0
34 0
1537 0
2114 0
1539 0
837 0
2633 1
2828 0
3536 1
3921 0
1042 1
787 1
4118 0
3863 0
2520 0
3225 1
3355 1
924 0
2847 0
800 1
929 1
930 1
166 1
1258 1
3246 1
3389 0
945 1
2738 0
4121 0
3382 1
3127 1
3578 1
2107 0
1852 1
3133 1
2111 1
35 0
1249 0
2988 0
36 0
3457 1
2083 1
645 1
2790 0
3686 1
782 1
37 0
2306 0
260 1
1480 0
1738 0
2380 1
845 1
1742 0
1019 1
440 1
2066 1
1891 0
3421 1
3223 1
4057 1
3290 1
3419 0
2525 0
1055 1
1597 1
3553 0
483 0
485 1
817 0
1704 0
2921 1
2731 0
3372 0
2477 0
366 0
3503 1
2546 1
1330 0
2515 0
3828 1
2302 1
2345 0
2296 1
1851 0
3516 1
1981 1
766 1
38 1
768 0
2307 1
2462 1
2479 0
1465 0
3273 0
1396 1
39 0
3229 0
939 1
244 0
3949 1
1271 0
40 1
3410 1
574 0
4054 0
3884 0
1577 0
3788 1
2686 0
41 0
704 0
2208 0
3145 1
2763 1
2284 0
429 0
47 1
1523 1
2196 1
1462 0
2199 0
2703 0
1948 1
42 0
256 0
1909 1
3030 0
3558 1
778 0
1133 1
237 1
43 1
3138 0
2598 1
2568 0
937 1
3351 1
1832 0
1040 0
2929 1
2290 1
4148 1
405 1
1846 1
2967 1
2362 1
232 1
1916 0
3325 0
1941 0
44 1
2576 1
3787 1
45 0
1872 0
46 1
547 1
647 1
48 0
1968 0
356 0
49 1
2000 0
2825 0
50 1
2304 1
1904 0
3874 0
2116 1
98 0
823 0
3831 0
3279 0
304 1
3122 1
2835 1
2870 1
1591 0
504 0
2234 0
1562 0
3095 0
2429 1
52 0
3716 1
2390 1
3913 0
3378 1
1164 1
2317 1
2318 1
2383 1
92 0
2616 0
914 0
1235 1
3284 0
1494 0
343 0
1432 1
1498 0
3356 1
2586 0
3743 1
2784 1
1296 1
3408 0
178 0
3817 1
1452 0
1069 1
1756 1
1264 1
2482 0
1843 0
3956 0
1397 0
1974 0
1592 0
3193 1
3770 1
3643 0
946 1
3645 1
735 0
3509 1
53 0
1505 0
228 0
705 0
2184 0
3241 0
117 0
1806 0
143 0
885 0
1357 0
2478 0
1177 1
3322 1
3547 0
3292 0
1109 0
1087 1
54 0
2762 1
3011 0
2647 0
55 0
642 1
2669 1
56 0
577 1
970 0
2602 1
3710 1
57 0
684 1
2225 1
2187 0
148 1
2799 0
58 1
1741 1
3774 1
59 1
3104 1
3172 0
3059 1
3587 1
1493 1
3702 0
1497 0
2424 1
873 0
3483 1
3765 0
60 1
285 1
61 0
3654 0
3735 1
62 0
3283 1
207 0
64 1
424 1
65 1
1280 0
1844 0
1260 0
161 0
3727 1
66 0
4012 1
175 0
67 0
640 0
3622 1
3703 1
68 1
4157 0
2085 0
69 0
2252 1
2655 0
70 1
4151 0
1750 0
2278 0
3343 1
71 0
384 1
2745 0
1893 1
1294 0
72 0
2978 0
73 0
74 1
1921 0
898 0
755 1
1779 0
346 0
1501 0
1518 0
75 1
466 0
3759 1
262 0
2710 0
1927 1
76 1
3648 1
3760 1
3554 0
2631 0
344 1
3801 1
2843 1
540 0
77 0
78 0
3762 1
3141 1
79 1
673 0
1571 0
3908 0
3430 1
2376 0
1548 1
1163 0
2572 1
2644 0
4062 1
889 1
3512 0
761 0
3194 0
1277 0
1214 1
3999 1
80 1
137 0
2779 0
573 0
910 0
81 1
123 0
3203 1
1725 0
1550 1
315 0
3566 0
83 1
4145 0
4115 0
2771 1
3175 1
3256 1
1303 0
84 1
651 1
1444 0
4038 1
1414 1
3755 0
3725 1
752 0
913 1
2123 1
3267 0
3511 0
3384 1
3004 0
85 0
1144 0
86 1
3681 0
1751 0
87 1
401 0
3323 1
1077 1
2257 0
1976 0
3324 1
1119 0
2459 0
2268 1
3909 0
88 0
2283 1
500 0
2277 1
89 1
2352 1
196 1
1381 1
1143 0
1389 1
3135 1
90 1
3954 0
598 0
3899 1
1324 1
1730 0
91 1
144 0
696 0
3117 0
583 1
1090 1
2311 0
741 0
814 0
3433 1
2750 1
93 0
2273 0
1339 0
726 0
2849 1
2737 0
1421 0
2894 1
1507 1
94 0
441 1
3211 1
3750 0
519 1
95 1
3168 1
1305 1
802 0
2388 1
2622 0
97 0
2700 1
99 0
113 0
3411 0
2615 0
3768 1
105 0
3242 0
909 0
153 0
100 0
652 0
101 1
3717 1
2591 0
102 0
3775 0
103 0
2339 0
1782 1
104 0
512 0
2104 0
106 0
1581 1
107 0
3401 0
3565 1
4050 0
2996 0
2648 1
122 0
443 0
3741 0
1471 1
108 1
1955 0
109 0
1670 0
4007 0
3215 1
3085 1
2222 1
2445 0
3700 0
664 0
3796 1
1499 0
509 1
2174 1
110 1
2476 0
1473 1
803 0
1209 1
1034 0
3595 0
2348 1
650 1
111 1
3730 1
2038 0
1854 1
112 1
2432 1
3856 0
322 0
381 1
114 1
1940 1
3462 1
711 1
115 1
2773 0
118 1
2485 1
1374 0
119 1
3552 1
3201 0
306 1
4107 0
2918 0
2711 1
527 1
2061 1
450 0
1791 1
120 1
3923 0
121 1
3664 1
2961 1
1464 0
1960 1
2185 1
2165 0
732 1
1722 1
1580 0
124 1
125 0
3466 0
3394 0
1541 1
126 0
2216 1
3429 0
774 1
127 0
350 0
128 0
2062 0
2079 1
129 0
3854 0
130 0
4129 0
434 0
2428 1
131 1
961 0
2947 1
132 0
1857 0
3618 1
1814 0
522 0
523 1
4142 0
821 0
982 0
311 1
665 1
187 1
412 1
317 0
3455 1
133 1
1184 1
1009 0
2154 0
2327 1
134 1
4072 1
2058 1
135 0
3938 1
3769 0
2890 1
136 1
224 0
3205 1
1895 1
2922 1
3819 0
526 0
3505 1
1010 1
4084 0
3221 1
3126 1
1207 1
3162 1
1980 1
2565 0
1492 1
1230 0
3366 1
3527 1
154 0
2926 1
2974 1
1615 1
138 0
744 1
1570 0
1068 1
139 1
2793 1
498 0
3591 0
140 0
3280 1
1506 1
2406 1
2531 0
2288 1
1369 1
2677 0
2394 1
1595 0
141 0
1240 1
1316 0
1491 1
3364 0
3792 0
142 0
3961 1
1565 1
2134 0
2397 1
1863 1
1870 0
145 0
2913 0
1437 0
3058 1
1618 1
1423 1
146 1
1450 1
3220 0
4125 1
147 1
1985 0
1652 1
1173 1
149 0
1714 1
150 0
3400 0
2382 0
1167 1
3906 0
3780 0
3653 0
2446 1
1297 0
3485 0
201 1
223 0
3170 0
419 0
1453 1
176 1
1715 1
392 0
2975 1
829 1
151 1
2408 1
152 0
2176 0
1281 0
2914 1
3939 0
1349 1
3111 0
1993 0
1740 0
636 0
302 1
1005 0
3948 1
2034 0
1243 1
3130 0
1979 0
3420 0
3173 0
160 0
1334 0
156 1
2592 0
3479 1
329 0
875 0
3100 1
1853 1
1052 0
157 0
2155 0
972 1
158 0
3576 1
380 1
159 1
2577 0
162 1
2529 1
2859 0
2549 1
163 0
811 0
4055 0
703 1
164 1
944 1
978 0
613 1
3830 1
728 0
2190 1
2223 0
165 1
2370 1
1315 0
581 1
3530 0
4140 1
2893 0
1102 0
3764 1
1046 1
2169 0
3706 0
603 0
1244 0
167 1
2608 1
4002 1
2963 1
1877 0
3798 0
1995 0
718 0
2511 1
168 0
990 0
169 1
3057 1
2955 0
2733 1
170 0
4078 1
1789 1
2830 0
171 1
2984 0
3192 1
172 1
309 0
173 1
454 0
174 1
1707 0
2674 1
2544 1
2817 0
2355 1
1142 0
3896 1
3563 1
2815 0
177 0
1122 1
788 0
702 0
179 1
3217 1
1698 1
4099 1
1556 1
2612 0
1820 1
3491 0
180 0
2021 0
2006 1
1542 0
2173 1
181 1
1107 1
2467 1
182 1
3144 1
347 1
2400 1
2829 0
3374 0
3734 0
537 1
3387 0
1148 1
184 0
1728 1
3699 0
902 1
1304 1
1513 1
3751 0
3919 1
185 1
2378 0
1549 1
1486 0
1031 0
186 1
888 0
920 1
2589 0
1502 1
188 1
3969 1
3910 1
189 0
1358 1
190 0
3332 0
191 0
3813 0
1702 1
2121 1
2891 0
332 0
3661 1
557 1
2194 0
1402 0
3002 0
192 0
193 0
4098 0
878 1
194 0
3403 1
195 1
3066 0
4076 1
2221 1
4133 1
3014 1
3022 0
1417 1
197 0
1072 1
1472 1
2517 1
630 1
592 1
2748 0
198 0
1861 0
199 1
1636 0
3876 1
2682 1
345 1
3129 1
282 0
666 0
200 1
3083 1
2804 1
1253 0
1892 1
2094 1
3582 1
1071 0
3782 0
3304 0
1181 0
565 1
248 0
1466 1
202 0
203 1
2698 0
204 1
205 0
2659 0
206 1
3709 1
2020 1
3397 1
1614 1
3391 1
208 1
1057 1
3155 1
2980 0
710 1
1020 1
3564 0
209 1
2218 1
210 0
1560 1
211 1
379 1
1873 0
467 1
1094 1
212 0
2901 1
4093 0
1359 0
213 1
1321 0
2567 0
214 1
601 0
1481 0
215 1
3521 1
2683 0
468 0
2599 1
3018 1
2487 0
1823 0
216 0
676 0
2991 1
217 0
406 1
218 0
2402 1
3668 0
3469 0
219 0
4005 0
313 0
1705 0
220 1
515 1
1733 1
3143 1
1352 0
4041 1
2954 1
1868 1
1553 0
403 0
2580 0
2069 1
790 1
2584 1
977 1
3941 1
2663 1
1002 1
679 1
2989 1
3409 1
1519 1
1840 0
1650 1
1651 1
692 1
2036 0
3451 1
2292 0
221 1
222 1
3602 1
3124 1
1894 1
617 1
552 0
2953 1
1989 0
436 1
1978 0
225 0
4037 1
226 1
385 1
3266 1
3843 1
772 1
1543 1
3658 0
2512 0
2340 0
798 0
1508 0
1254 1
2024 0
3719 0
1007 1
690 0
3573 1
1527 1
3257 1
2245 0
1098 1
229 1
3696 0
536 1
2970 1
230 1
912 1
4156 0
231 1
3825 1
2651 0
3005 1
686 1
233 0
234 0
820 1
3327 1
235 0
1476 0
2668 1
3294 0
236 0
801 0
238 0
1776 0
2585 1
530 1
1608 0
3046 0
239 1
1320 1
637 1
2813 1
3623 0
240 0
2940 1
958 0
241 1
4128 0
2375 1
242 0
243 1
1919 1
245 1
291 1
324 1
2821 1
1514 1
2298 1
1829 1
246 0
1064 1
1370 0
4111 1
247 0
2401 1
4074 0
249 1
3800 1
3299 1
250 1
1270 0
251 0
3388 1
252 1
2049 1
2693 0
1997 0
253 0
1672 0
865 0
1522 1
1353 0
254 1
3747 0
1573 1
255 1
257 1
3232 0
4065 1
3924 0
2545 1
1032 0
3259 0
259 1
1936 1
1825 0
610 0
1438 1
2645 0
1237 1
261 1
3171 0
2421 0
1451 0
3646 0
263 1
1512 0
605 0
264 1
2457 1
3674 1
1574 1
266 1
2480 1
1061 0
2743 0
4030 1
2319 1
267 0
3472 1
3216 0
2032 1
1313 1
2332 0
1487 0
268 1
985 0
2927 0
269 0
270 0
2433 0
3286 1
3369 1
271 0
4153 1
4014 0
272 0
2759 1
273 0
482 1
2999 0
274 1
1640 1
3473 1
275 1
1984 0
276 0
277 1
1355 0
278 1
2330 0
3507 1
2443 1
279 0
1545 1
3786 1
3051 1
2001 1
1906 0
1716 0
394 0
1272 0
3673 1
3071 0
4028 1
2078 0
991 0
280 1
281 0
4096 0
2308 0
850 0
2965 1
2391 1
794 0
1635 1
492 0
2418 1
3123 0
4039 0
2012 0
283 0
897 1
776 1
2764 0
284 1
3922 1
3167 1
286 1
287 0
1992 0
3665 1
3031 1
288 1
2936 0
3288 1
1475 0
1965 0
289 0
2142 1
290 0
2873 1
2770 1
1773 1
3588 1
389 0
4105 1
2157 0
2448 0
3666 0
3107 0
1302 0
1435 0
2526 1
3365 0
783 1
2299 0
1639 1
1447 0
2541 1
3054 1
1971 1
1080 0
3380 1
1275 0
318 0
292 0
295 0
293 0
300 0
294 0
1372 1
2690 1
643 1
3753 0
1066 1
1579 0
720 0
3510 1
1801 1
2009 1
764 1
2812 0
1053 0
2213 0
818 1
2755 0
806 0
297 0
2305 1
1062 0
298 0
2850 0
3190 1
1688 0
570 1
2414 0
299 1
456 1
654 0
2065 1
1771 0
1190 1
1768 0
2587 1
3669 0
301 1
1856 0
2740 0
3349 0
442 0
797 0
303 1
1530 1
2917 0
2928 1
612 0
359 0
1160 1
1831 0
2704 1
3089 0
2548 1
762 0
305 0
2646 1
307 1
1999 1
3815 0
308 1
2197 0
3687 0
310 0
2496 1
3041 1
422 0
2742 0
3001 1
1145 1
3655 1
4023 0
445 1
312 1
1344 1
2966 1
314 1
1657 1
813 1
1174 1
1015 1
319 1
2499 1
4004 0
615 1
1420 0
2350 0
3189 1
2436 0
3866 1
1695 1
320 0
321 1
966 0
323 1
831 1
3604 1
3975 1
1049 0
2923 1
1719 1
335 1
325 1
1869 1
3998 0
326 0
1629 0
327 0
1641 0
2694 0
3799 0
328 0
3476 1
2951 1
330 1
331 0
3185 1
861 0
333 0
1399 0
334 0
656 1
1937 0
2297 1
336 0
1681 1
1210 0
337 1
2238 1
338 0
3504 0
3025 1
1377 0
4001 1
3867 1
3597 0
339 1
2769 1
1412 1
549 1
2730 0
4103 1
3444 0
3050 1
2983 1
2349 1
959 0
340 1
2560 1
694 0
3594 0
1292 1
3599 0
1617 0
1875 1
3988 0
3413 1
3672 1
2138 0
2908 0
2334 0
2144 1
1510 0
2025 0
2539 1
2028 1
3315 0
3422 1
1747 1
2089 1
2109 0
341 0
3608 0
1817 0
342 0
3826 0
2523 0
2516 0
3925 0
2934 1
3392 1
2113 1
3094 0
1418 0
822 1
1898 1
3454 0
348 0
3853 1
734 0
349 0
393 1
3009 1
2630 0
3585 1
3339 1
2444 0
3345 1
2964 0
2453 0
1945 1
2270 1
1700 0
554 0
4024 1
3070 0
351 1
2320 0
352 1
1265 1
353 1
1152 1
1468 0
354 0
2944 1
2882 1
3705 0
1319 0
1721 0
355 0
1762 0
2492 0
716 1
357 0
2082 1
1388 0
358 0
2149 0
360 1
1693 0
361 0
362 0
3379 0
3515 0
363 1
364 1
892 0
365 0
2105 0
367 1
1430 0
368 0
2675 0
1847 0
369 0
3933 0
370 0
4141 1
3020 0
2195 1
3415 1
3838 1
372 1
1282 1
3486 0
373 0
2209 0
374 1
1248 0
375 1
3336 1
3714 1
376 1
1346 1
3302 1
857 0
3574 0
2905 1
2783 1
377 1
760 1
3180 0
1383 0
378 0
3928 0
1186 0
3489 0
2337 0
2018 0
2158 1
2898 1
2712 1
576 1
2426 0
1310 0
382 1
3106 0
2933 1
2231 1
1129 0
1563 0
383 0
411 0
2503 1
2713 0
2077 0
386 1
496 0
387 0
2387 1
388 0
390 1
391 0
2472 0
3729 1
2566 0
1770 1
3980 0
3213 1
3346 1
1811 1
2869 1
3319 1
793 1
1051 1
3871 0
1192 1
730 0
4077 0
2417 0
1586 1
2836 0
3958 1
3480 0
2266 1
395 0
2912 1
563 0
3021 0
396 1
2464 0
1250 1
2005 0
1050 1
626 1
397 0
1793 0
2026 1
1004 1
4010 1
398 1
2884 1
399 0
3745 0
3715 1
807 0
2879 1
1516 1
588 0
400 1
1912 0
2074 1
2162 1
1075 1
980 1
1309 0
402 1
404 0
3076 1
940 0
407 0
408 1
1792 1
409 1
2010 1
1973 0
410 1
2802 0
2398 0
1182 0
1931 1
2494 1
975 0
514 0
413 0
848 0
2856 0
3571 1
2860 1
3165 0
414 0
1168 0
3690 1
3772 1
941 0
415 1
3875 1
416 1
594 1
417 1
1194 1
1679 0
418 1
2384 1
420 0
2937 0
2022 0
3640 0
1247 0
423 1
600 1
2030 0
3726 1
870 0
449 1
1083 0
425 0
3184 0
545 1
3818 0
426 1
2315 0
427 0
3824 1
688 0
3260 1
428 0
1880 1
2236 0
3517 1
1647 1
3239 0
430 1
480 1
4051 1
4117 1
431 0
871 1
2122 0
3212 1
2605 1
830 0
2415 1
432 0
433 1
1884 1
435 0
1085 0
1410 0
518 0
2887 1
2697 1
1419 0
1356 0
589 1
2449 1
2642 0
3989 1
3105 0
2789 0
437 1
448 0
438 1
2276 0
2364 0
1630 1
439 1
2939 1
2051 1
2434 1
2325 0
3767 0
2255 0
3540 0
2357 0
1749 0
2338 1
2550 1
948 1
3158 1
1368 1
2841 0
444 1
3691 0
2047 1
446 0
2275 1
447 1
3056 1
1761 1
3330 0
2491 0
799 0
1795 1
3110 0
1139 0
2805 1
624 0
3679 0
917 1
3847 1
1966 0
495 0
2906 0
2365 1
451 1
915 1
452 1
4008 0
2895 1
453 1
753 1
1012 0
646 1
471 0
2952 0
1628 1
1886 1
3308 0
455 0
1842 0
1807 1
754 0
3891 1
919 0
4058 1
4155 1
3101 0
457 1
458 0
459 0
1224 0
1888 1
2751 1
708 1
3567 0
460 1
1659 0
461 0
3973 0
462 0
4122 0
2373 1
3438 1
463 1
464 0
465 0
2146 0
3858 1
1287 0
2023 0
469 0
470 0
3742 1
472 0
3154 0
932 0
473 0
745 0
2285 0
1774 1
474 0
2081 1
475 0
476 0
3368 0
477 1
3844 1
3338 1
649 0
2248 1
3481 1
3677 1
3870 1
2701 0
478 0
479 1
1841 1
481 1
641 1
4080 0
4132 0
957 0
1169 0
2386 1
1003 1
1902 0
3062 1
484 1
3776 0
1787 1
750 0
3736 1
1901 1
486 1
3872 1
2689 0
1676 1
1800 1
2490 1
655 1
489 1
1626 0
490 1
491 1
2193 1
3407 1
3791 1
2604 1
493 1
494 1
3580 1
2053 1
497 1
499 1
689 0
3093 0
1461 0
2695 1
3642 1
1205 1
501 0
502 0
503 0
2691 1
3032 0
3417 1
505 1
507 1
3777 0
604 1
877 1
2465 1
508 1
2839 1
510 0
1161 0
566 1
1479 1
511 0
3638 0
2411 1
3781 1
2230 1
513 1
3043 1
3568 1
3360 1
3675 1
2068 1
1114 1
516 1
1485 1
3245 1
517 0
737 1
1957 1
1905 1
1336 1
2522 0
1772 0
3007 0
1286 1
1677 0
3249 0
2578 1
3318 0
525 0
3790 0
1837 1
2971 1
2422 0
520 0
1204 0
2463 0
521 1
2962 1
524 1
3264 0
2981 1
3905 0
2153 1
528 1
2973 0
1470 1
1839 0
529 0
3448 0
2106 1
3131 0
964 1
1455 1
531 0
1609 0
1406 1
532 1
952 0
2514 0
725 0
533 0
2080 0
3090 0
534 0
1385 1
3894 0
1961 1
535 1
585 0
2379 0
3307 1
2217 0
3243 0
2291 0
2353 1
1701 1
2872 1
3529 0
1208 0
1196 0
2637 1
1045 0
538 0
542 1
539 1
2226 0
4027 1
1326 1
541 0
2909 0
3037 1
3188 1
1918 0
543 0
2837 1
544 1
3738 0
974 0
546 0
2120 1
3555 0
548 0
550 0
3237 0
551 0
3128 1
553 1
555 1
3160 1
3385 1
556 0
1074 0
558 0
756 1
559 0
836 1
3342 0
560 1
4112 1
3282 1
2099 1
561 0
2100 0
2559 1
562 1
2140 0
2148 1
3997 1
564 1
3317 0
3121 1
567 1
2800 1
2336 0
2314 1
2261 1
568 0
569 0
976 0
3584 0
678 1
571 1
2374 1
572 1
1956 0
1661 0
575 1
2907 0
3293 1
1222 0
3962 1
578 0
3434 1
1149 1
3069 1
1345 1
595 0
1351 0
1929 0
2749 1
580 1
582 1
1687 0
584 0
2653 0
1816 1
1048 0
587 0
2714 0
590 0
591 1
2781 1
593 1
942 0
4081 1
3263 0
596 0
4059 0
1342 0
597 0
3498 0
2243 1
599 0
3508 0
3766 1
602 1
859 1
2563 0
1100 0
846 0
4047 0
4119 1
1439 1
1056 0
2852 0
3557 1
2982 1
2471 0
3497 1
3879 1
1070 1
1584 0
2994 1
895 1
606 0
3963 0
3694 1
607 1
701 0
608 1
1643 1
2972 0
609 1
2127 1
1172 0
611 1
2718 1
2688 0
3496 1
614 0
616 1
2509 1
619 0
620 0
621 1
1229 1
1942 1
622 1
1312 1
1409 0
3354 0
623 0
2265 1
2582 1
625 1
1217 1
3662 1
627 1
3061 0
628 1
629 1
3802 0
631 1
1111 0
632 0
2786 1
633 1
1663 0
634 1
1729 0
2562 1
2754 1
2896 1
1322 1
1323 0
1600 1
1682 1
1219 0
3707 1
2892 1
638 0
4003 0
2758 0
639 1
1568 1
2723 1
934 0
905 0
4135 0
658 1
3625 1
1975 1
644 0
3635 0
3990 1
1128 1
2207 1
781 1
926 1
2671 0
1223 0
2679 1
3442 0
1448 1
1690 0
3484 0
3546 1
648 0
2136 1
1706 0
4143 0
4036 0
3991 1
2117 0
1183 0
2366 0
3359 0
2323 1
3931 0
653 0
3812 1
4087 1
657 1
3463 1
659 0
660 1
3935 0
661 1
662 0
3405 0
2183 0
663 0
1611 1
668 0
2088 1
669 0
670 1
1625 1
671 1
949 1
2486 0
1482 0
3535 1
2163 0
2672 1
1338 0
674 0
1154 1
675 0
1076 1
677 1
3300 1
2761 0
1867 0
2753 0
2437 0
680 1
715 1
2692 0
2260 0
1531 0
2430 0
681 1
2393 0
682 0
683 1
2985 1
1460 0
1821 0
3233 0
2258 1
2269 0
685 0
687 0
4048 0
832 1
2878 1
3068 1
3373 0
2070 1
691 0
3426 1
1532 1
3918 1
3689 1
1913 0
693 1
2579 1
1785 0
2427 1
3052 1
695 0
3361 0
3778 1
1059 0
1798 1
4120 1
2045 0
805 0
3222 1
697 1
2172 1
698 1
1696 1
1526 1
699 0
2041 0
700 0
3660 1
1525 1
3439 0
4131 1
3957 1
751 0
706 1
707 0
3637 0
2767 0
709 0
712 0
713 0
1594 1
3605 0
3431 1
714 1
2993 0
3960 1
1551 1
717 1
2232 0
719 1
3537 0
1065 1
3197 1
3055 1
721 1
2575 0
722 1
1753 1
3740 1
1263 0
723 1
886 0
724 1
2458 1
727 1
2050 0
729 0
1459 1
2493 0
2161 0
2371 0
2204 0
1920 1
731 0
3270 1
3624 1
2180 0
3972 1
758 1
3446 1
4137 0
3946 1
2310 0
3118 0
3150 0
3119 0
757 1
3254 0
2623 1
733 1
881 0
3966 1
2791 0
736 1
1130 0
3277 0
1962 0
738 1
1200 1
739 0
740 0
742 0
2484 1
2696 1
891 0
1804 0
743 1
4150 0
746 0
747 0
748 1
1662 0
749 1
3023 1
2033 1
2170 1
4031 1
1784 1
883 0
2301 0
4086 1
2316 1
1328 1
1054 1
3311 1
1928 1
1711 0
763 0
1578 1
2614 0
1642 1
1876 1
765 1
2435 0
767 1
2628 1
1483 1
769 1
1739 0
844 0
4022 1
770 0
773 1
1959 1
775 0
2501 0
3916 0
1582 1
779 0
1666 0
2883 1
1366 1
3398 0
3785 0
2160 0
1155 0
2389 1
2518 0
3297 0
3236 1
3942 0
1766 0
3112 0
1838 1
3695 1
1136 0
2931 0
2409 0
780 1
3488 0
1407 1
2699 0
784 0
3892 0
785 1
2552 0
2466 1
786 0
3525 1
3914 1
3159 1
1037 1
2842 0
1943 0
2808 1
2186 1
2263 1
789 0
899 1
1623 1
2885 1
791 0
1218 0
792 1
2200 1
2438 0
795 1
3713 0
1331 0
2057 0
2201 1
2202 0
3917 1
796 1
993 1
1683 1
2246 0
2543 1
1944 1
2708 1
3671 1
1612 1
2048 0
3393 1
1384 1
1008 1
1939 1
916 0
2324 1
3163 1
3678 0
3531 0
2717 1
4134 1
804 1
1318 1
808 1
2450 1
2519 0
809 1
2003 0
4052 0
2206 0
2854 1
2103 1
1529 1
2739 1
2846 1
810 0
1649 0
3412 0
3287 0
3692 1
1124 0
815 0
816 1
3739 0
2019 1
2956 0
1314 0
2734 1
1726 0
4046 0
2777 1
3044 1
819 1
1528 0
3569 1
998 0
2470 0
1524 0
2423 1
843 0
824 0
2838 1
825 0
3298 0
1123 1
826 0
827 0
1883 0
4043 0
1198 0
828 1
2746 1
3619 0
1490 0
2537 0
833 0
834 0
2008 1
835 1
1536 0
2322 1
838 1
1079 1
839 0
840 0
3088 1
841 0
842 0
3852 0
3340 1
847 1
2211 1
2558 1
849 0
3186 0
2483 0
851 1
1970 1
3475 1
2118 0
3932 1
852 1
853 1
4020 0
854 1
855 1
3912 1
856 1
2098 1
858 1
860 1
2182 0
862 1
864 0
3414 1
1692 1
867 0
1648 1
3281 0
1810 0
1521 0
3073 0
2570 0
868 0
3214 0
3783 0
869 0
1150 0
1757 1
872 1
874 1
876 0
2832 1
3560 1
2188 0
2590 0
3513 1
879 1
3502 0
880 0
3968 1
882 1
1889 1
3363 0
1638 1
1815 1
2029 1
1360 0
2495 0
973 0
2845 1
884 0
887 0
2282 1
3015 1
3737 1
4079 0
890 0
1746 1
2880 1
900 0
1285 0
2968 1
981 0
1221 1
2661 0
4127 1
3120 1
3383 1
893 0
1446 1
894 1
896 1
1616 1
1022 1
2097 0
1422 0
901 1
903 1
906 0
2958 1
907 1
3985 0
908 1
911 0
1848 0
1849 1
1104 0
1925 0
3447 1
3518 1
918 1
1656 0
3984 1
3987 0
1311 0
2396 1
921 0
922 0
3331 0
923 1
3811 1
2950 0
1871 1
925 1
2040 1
1211 1
2240 1
4139 0
2253 1
1619 0
927 0
4006 0
928 0
1477 1
1575 1
931 0
1027 0
3045 0
933 0
1038 1
936 1
1036 1
4088 0
938 0
2632 0
2932 1
2792 0
3620 1
943 1
3626 1
960 1
2897 0
1387 0
2636 0
947 1
950 0
951 0
2627 0
953 1
3627 0
954 0
2042 1
4061 0
955 1
956 1
3592 1
3684 0
2621 1
3630 1
2640 0
996 1
4045 1
2242 0
2179 0
3784 0
1953 1
1764 0
3795 1
3634 0
2871 0
2941 0
1934 1
1189 0
1166 0
3967 0
962 0
3606 0
963 1
3459 0
965 0
2360 1
1153 0
967 1
1734 0
968 1
2152 1
1442 1
969 0
2294 1
971 1
1193 0
1509 1
1596 0
1390 1
1557 0
3424 1
1922 0
1988 0
3251 0
1138 0
2702 0
1393 1
4089 0
3166 0
3804 0
979 0
3756 1
1588 0
983 0
1215 1
984 0
3450 0
986 1
987 1
988 0
1000 0
989 1
2997 0
3549 0
3151 1
1589 1
3805 1
1041 0
992 0
2506 1
3082 1
2810 0
994 0
995 1
3084 1
2535 1
997 1
999 0
3206 0
3978 1
2404 0
1674 0
1006 0
3701 0
4110 1
2215 1
1011 1
3187 0
3471 0
1013 0
2481 0
1014 0
2358 1
2150 1
3887 1
1458 1
3416 0
1017 1
1018 0
1664 1
4035 1
3794 1
3711 0
1021 0
3316 1
3149 0
1023 0
1024 1
1159 0
1025 0
1026 0
3079 0
2807 1
1028 1
3224 0
2451 0
3575 0
1029 1
1885 0
1030 0
3234 1
3732 1
1033 1
2617 1
1095 1
1035 0
2361 1
1039 1
3628 1
3060 1
2798 1
3049 0
1043 1
1603 1
2405 1
1151 1
1044 1
1239 1
1047 0
3320 1
3698 0
2037 1
1343 0
1697 1
1488 1
1300 1
2766 0
3097 0
4069 1
3752 0
3993 0
3108 1
1860 1
1195 1
1058 1
3724 0
1534 1
2460 1
1060 0
2634 0
1809 1
2946 0
2772 0
2289 0
2039 1
1063 1
1845 1
1067 0
3982 0
1073 0
3911 0
1078 1
1081 0
1082 1
1544 1
2004 1
3238 0
3880 1
4015 1
1084 1
4104 1
2760 1
2768 1
1086 0
1796 0
2454 1
3464 0
2948 1
1088 1
3889 0
1091 1
1092 0
3977 1
1093 1
1252 1
2536 0
4034 1
2488 1
1572 0
3358 0
1096 1
3008 0
3250 1
1278 1
1097 0
1099 0
3890 1
3252 0
1765 1
1404 0
1202 0
1911 0
2413 1
3465 0
2249 0
3063 0
1105 1
1106 0
1865 0
1284 1
3718 1
1769 1
3793 1
1108 0
2924 0
2363 0
1110 0
2886 1
4116 0
3544 0
1879 0
3773 0
2175 0
1112 0
1113 0
1115 1
2662 0
1116 0
1117 0
3244 1
4066 1
1118 1
1120 1
3357 1
2782 0
1121 1
1758 1
3427 0
1125 0
1126 1
1127 0
2171 1
1131 0
1132 1
2095 1
3335 1
1134 0
1834 0
1135 1
1140 0
2313 0
3092 0
3436 0
1141 1
3610 0
2862 1
1146 1
3370 1
1147 0
4101 0
3352 1
3034 0
3027 0
3809 1
1708 0
3757 1
2676 0
3177 0
2534 1
3367 0
1668 0
1156 0
2167 0
1157 0
1158 1
3200 0
1165 0
3816 1
1824 0
2881 1
1828 1
2508 1
1170 0
3657 1
1171 1
3955 1
1554 0
1175 1
1176 1
2203 0
1178 0
1179 0
1180 1
4109 0
3572 0
1289 1
3291 1
3176 1
4040 1
1185 0
2420 1
2806 1
1337 1
2596 1
2347 0
1212 1
1645 1
3523 0
1878 0
2017 0
3927 1
1187 0
1188 0
1990 0
3550 1
2416 0
2721 0
1803 1
2295 1
1191 1
4000 1
3478 0
3321 1
1197 1
1691 0
2942 0
3821 1
1969 1
2609 0
3861 0
3209 1
3964 0
2877 0
1203 1
3226 0
1866 0
1206 0
2131 0
2911 1
3688 1
1755 1
1228 0
2044 0
2239 0
3202 1
3348 1
2816 0
2189 0
4053 0
1213 0
1216 1
1463 0
1220 1
4090 1
3862 0
3047 0
1225 1
1226 0
1227 1
1653 0
1231 1
1232 1
1233 0
1234 0
3680 1
1236 1
3210 0
3134 0
1238 0
4049 1
2705 0
1241 1
2328 0
4097 0
1245 0
3837 0
3970 0
1434 0
3851 1
3981 0
3362 0
3474 0
4018 0
2356 1
2133 1
2043 0
2732 0
1391 1
1251 0
3712 0
2015 0
4092 0
1255 1
1256 1
1257 1
1259 0
3901 1
2102 1
4113 1
1261 0
2557 0
1262 0
3072 1
3109 0
1736 0
3656 1
3272 0
3551 1
1267 1
1268 1
3103 0
1269 1
1348 0
2309 0
1273 1
2247 0
1274 0
1276 0
1720 0
2399 1
3607 1
2264 0
3296 0
1279 1
1732 0
2191 1
1361 1
1364 0
2943 0
4067 0
3493 1
2797 0
2513 0
1283 1
2241 1
1658 1
3183 1
1449 1
3877 1
1288 0
1291 1
1293 0
3849 0
3265 1
1724 1
1604 1
3945 1
1298 1
1299 1
3441 0
1301 1
3125 0
1306 1
1731 1
2574 1
1307 0
1308 1
3883 0
1972 0
1332 0
3697 0
3344 0
2119 1
2666 0
4146 0
3763 1
1317 1
3006 1
1613 1
1325 1
1327 0
1813 1
1478 0
1329 1
2925 1
1882 1
1333 1
2629 1
1335 0
2054 0
1340 1
1341 0
2271 0
3377 1
1347 0
2303 1
1350 0
2425 0
1954 1
2785 1
1354 0
1398 0
2256 0
2722 0
2735 0
4063 0
1362 1
2904 1
2681 0
2474 1
1363 0
4013 1
1365 0
2649 1
1367 0
3761 0
2775 1
3425 0
1371 0
1737 1
1373 1
1908 1
2853 0
1376 1
1780 1
3631 1
1379 1
2002 1
2281 1
1380 0
1382 1
1386 0
2076 0
3261 0
1392 1
1394 0
4044 1
1395 1
3722 1
2569 0
2461 1
1400 1
3029 1
1401 0
1593 0
3996 1
1983 0
1403 1
3902 1
1405 1
1408 1
3191 0
1411 1
1413 1
1415 0
1416 1
2729 0
2902 0
3708 0
1424 0
2727 1
1425 0
1495 1
3164 0
1655 1
1426 0
2412 0
1427 0
1431 0
1429 1
3720 0
2826 1
3035 0
3500 0
1436 1
2818 0
1440 0
1441 1
3612 1
3907 0
2831 0
1443 1
3683 0
1445 0
1709 1
2665 0
3204 0
2824 1
1454 1
1457 1
1665 1
3621 0
1467 0
1469 0
1745 0
1474 0
4094 1
2613 1
1484 0
2987 0
2719 1
1991 1
1489 0
4009 1
3492 1
1654 1
1496 1
2844 0
1500 0
2346 1
3803 0
3453 0
2530 0
3590 0
2214 0
1503 0
1504 0
4147 0
1511 1
2960 1
2867 1
3174 0
1862 1
1915 1
1517 0
1520 0
2293 0
2949 0
1933 0
1607 1
2056 1
2227 0
3733 0
1533 1
3845 0
1535 1
3113 0
1538 0
1540 0
1781 1
1546 1
1547 1
1552 0
2643 1
1835 0
1555 0
1907 1
1710 1
1558 1
1559 0
3303 1
1561 1
4017 1
1564 1
2072 0
3545 1
1566 1
1567 0
2235 1
2728 1
2868 0
2052 1
2573 0
1576 0
3074 1
1818 0
1583 1
3556 1
1585 1
1930 1
3350 1
1587 0
1620 1
4149 1
1590 0
2145 0
3048 0
1598 0
1599 1
1601 0
2875 0
1602 1
3248 0
2822 0
2407 0
3196 1
1605 0
3494 0
2863 1
1606 1
1743 0
1610 0
3499 1
3169 0
1903 0
3289 1
1621 0
1622 1
1624 1
3749 0
2555 1
1627 1
2164 0
3617 0
1631 1
1632 0
1633 0
1634 0
3295 1
1637 0
2016 1
1646 1
2571 1
4011 1
2990 0
2205 0
2326 0
1660 0
1836 1
1667 1
3614 0
1669 1
1671 0
1673 0
2595 0
1675 0
2224 1
2279 0
3490 0
3865 0
1678 1
3593 0
3218 1
1794 0
1684 1
3157 1
1685 0
1686 0
2765 0
1694 0
2707 0
1699 0
2250 1
3402 0
1703 0
2442 1
2286 0
1712 0
1713 0
1897 1
3179 1
3231 1
2147 1
1717 0
1723 0
1938 1
3543 0
3091 1
3199 1
1727 1
2063 0
2046 1
3468 1
3086 1
3247 1
1735 0
2333 1
1987 0
1744 0
3285 1
3458 0
4085 1
4123 1
1752 0
2007 0
1754 1
4068 0
1759 0
1881 0
1760 1
1763 1
1994 1
1767 1
3888 1
2803 0
2228 1
3501 0
3986 0
3704 1
2874 1
2300 0
3033 1
1775 1
2597 1
2343 1
2060 0
3855 0
1777 0
3482 1
1778 1
3443 1
3404 1
3235 0
1786 1
1822 0
1788 1
3024 1
1790 1
2986 1
4025 1
1797 1
1799 1
2684 0
2342 0
3198 0
2344 1
1802 0
1805 0
1808 1
3445 1
1812 0
1819 0
3979 0
1827 1
3337 1
1830 1
3929 0
2027 1
3132 1
1833 0
3833 1
2583 1
3227 0
2747 0
3541 1
2919 0
2280 0
1850 1
1855 1
1858 1
2899 1
1864 1
2192 1
2744 0
3820 1
3114 0
2151 1
2607 0
1874 1
3539 1
1914 0
4070 0
3147 0
2814 0
4154 1
4091 0
3562 1
2619 1
1890 0
1896 1
3731 1
3561 1
1899 0
2564 0
1900 1
4108 0
2335 1
3077 0
1910 1
2554 0
2090 1
2108 1
1917 1
3326 0
1923 0
1924 0
2331 0
1949 0
2086 0
1926 0
2469 0
3019 0
1932 1
1935 0
2588 0
2455 0
3823 0
3900 0
3208 1
2865 0
1986 1
2502 0
3771 1
3589 1
3636 0
2757 1
1950 0
1951 1
1952 0
3644 1
2670 1
1958 1
1963 0
1967 1
3140 1
1982 0
3868 1
2532 0
3951 0
3116 0
1998 1
4073 1
2011 0
2716 1
3937 1
2013 0
2014 0
4056 0
3078 0
3390 1
2031 1
2959 0
2507 0
3840 0
3953 1
3495 1
3860 1
2055 1
2538 1
2059 1
2064 0
2067 1
2945 1
3940 0
2071 1
2073 0
3693 1
2440 1
2618 1
2084 1
3983 0
3381 1
3274 0
2091 0
2787 1
2092 1
2093 1
2910 0
2652 1
2096 0
2101 0
2498 1
3893 1
2581 1
2110 1
2112 0
2115 1
2475 1
2369 0
2778 1
2124 0
2603 0
2125 1
2126 0
2129 0
2128 0
4144 0
2212 0
2130 1
3375 1
2132 1
2135 0
2141 0
2143 1
3460 1
2725 1
2329 1
2156 0
3137 1
2159 1
2419 1
2551 0
3633 1
2166 1
2441 1
3834 1
3836 1
2540 1
3615 1
2177 0
2178 1
2969 0
2639 0
3146 0
2181 1
3873 0
3255 0
3275 1
3038 0
2198 1
4102 1
2210 1
2359 1
4019 0
2992 0
2219 0
2220 1
2657 1
3616 1
2848 0
3341 0
3156 0
3152 0
2354 0
2229 0
2638 1
2233 1
3583 0
2237 1
4032 1
2251 0
4114 1
2900 0
2259 1
2524 0
2510 1
3864 0
3947 0
2272 1
3579 0
2274 0
2888 0
3153 1
3013 1
2287 1
3080 0
3016 0
2321 1
2795 1
3663 1
3758 0
2547 1
4136 1
2840 1
2351 1
2889 1
2706 0
2367 0
2368 1
2372 0
3268 0
2381 0
4083 0
2385 1
2505 0
3885 0
2809 0
4042 1
4029 0
2392 0
2473 0
2403 1
2827 0
2410 0
3603 0
2957 1
3347 1
3012 0
2774 1
2431 1
3930 0
2439 0
2447 1
2626 0
3334 1
2452 0
3601 1
3309 0
2456 1
2521 1
2468 0
3081 0
2497 0
3026 0
2500 0
3586 1
3219 1
2504 0
3161 1
3461 0
2855 0
2664 0
3532 0
2527 0
2528 1
2542 1
2876 1
3959 1
3534 0
2553 1
2556 0
3976 1
2561 0
4064 0
3301 1
3526 0
4033 0
3878 0
4021 0
4124 1
3305 0
3748 1
3895 1
4126 1
3903 0
2593 1
2594 1
2600 0
2601 1
3548 0
2606 1
2610 0
3506 0
2620 0
3452 0
4082 0
2635 1
3003 1
2641 1
3522 0
3017 1
2650 1
2658 0
3670 0
2660 1
2780 0
2851 0
2673 1
2678 1
3965 1
2680 1
2687 0
3042 1
3723 0
3827 1
2736 1
2741 1
3470 0
2752 1
3040 0
2756 0
3395 0
3995 1
2776 1
3944 1
2788 1
3898 1
2916 0
3810 1
2794 1
2796 1
3835 0
2801 1
2811 1
2819 0
3075 1
2820 1
3477 1
2823 1
3943 0
2833 1
2834 0
2930 1
3974 1
2857 1
2858 1
2861 1
3258 1
2903 0
3278 1
2915 0
2920 0
3240 0
3269 1
2935 0
2938 1
3676 1
3519 1
3559 0
2976 0
3611 0
3428 1
2979 0
3449 0
3629 0
3651 0
3839 1
3926 0
2995 0
2998 0
3000 1
3053 0
3010 0
3596 0
3028 1
3036 1
3333 0
3848 1
3064 0
3310 0
3920 0
3915 0
3065 1
3934 1
3087 1
3098 0
3099 1
3102 0
3195 0
3139 1
3142 1
3667 0
4071 1
3148 0
4106 0
3649 1
3178 1
3182 0
3329 1
3353 1
3207 0
3228 0
3952 1
3271 0
3306 1
3312 1
3313 0
3779 1
3881 0
3406 1
3423 1
3936 1
3371 0
4100 0
3399 1
3418 0
3432 1
3533 0
3435 1
3520 0
3659 1
3950 0
3514 1
3524 1
3542 1
3581 0
3598 0
3746 1
3613 0
3632 0
3650 0
3994 1
3754 0
3685 0
3721 0
3728 0
3829 1
3869 1
3814 0
4060 1
3842 0
3882 1
3971 0
4095 0
4138 0
